function [alpha]=alpha_SF420(T)
        
    %machine direction [1/K]
    alpha(1,1)=-20.69690662+1.18335073095961*T-3.06506839678076e-2*T^2+4.75552194898813e-4*T^3-4.92224245296739e-6*T^4+3.58070676962230e-8*T^5-1.87722842519723e-10*T^6+7.14679366760133e-13*T^7-1.96112650607803e-15*T^8+3.78316197457810e-18*T^9-4.87056091988906e-21*T^10+3.75796136305451e-24*T^11-1.31434942016566e-27*T^12;

    %transverse direction [1/K]
    alpha(1,2)=17.20772481-1.01055033072523*T+2.69225000244328e-2*T^2-4.30243203646099e-4*T^3+4.59344338212949e-6*T^4-3.45167366088861e-8*T^5+1.87195662102275e-10*T^6-7.38320010846112e-13*T^7+2.10200846562827e-15*T^8-4.21329450354406e-18*T^9+5.64450482236826e-21*T^10-4.53855292081037e-24*T^11+1.65662867056942e-27*T^12;

    %thickness direction [1/K]
    alpha(1,3)=1e-4;
    
end