function [B]=B_SF420(c1, f0)
    %
    %B=2.303*f0*c1;
    B=1601.5347;
end