function [c1,c2,T0]=c1c2T0_SF420
    
    c1=382.2;
    c2=3539.3; %[K]
    T0=293.16; %[K]
            
end